#wall close
header: 
  seq: 363
  stamp: 
    secs: 1639038827
    nsecs: 864901132
  frame_id: "base_scan"
angle_min: 0.0
angle_max: 6.26573181152
angle_increment: 0.0174532923847
time_increment: 2.98699997074e-05
scan_time: 0.0
range_min: 0.119999997318
range_max: 3.5
ranges: [0.2160000056028366, 0.21699999272823334, 0.21799999475479126, 0.21899999678134918, 0.2199999988079071, 0.22100000083446503, 0.22200000286102295, 0.22300000488758087, 0.2240000069141388, 0.22599999606609344, 0.22699999809265137, 0.2280000001192093, 0.23000000417232513, 0.23100000619888306, 0.2329999953508377, 0.23499999940395355, 0.2370000034570694, 0.23899999260902405, 0.24199999868869781, 0.24400000274181366, 0.2460000067949295, 0.24899999797344208, 0.25200000405311584, 0.2549999952316284, 0.257999986410141, 0.26100000739097595, 0.2639999985694885, 0.2669999897480011, 0.2709999978542328, 0.27399998903274536, 0.27900001406669617, 0.28299999237060547, 0.28700000047683716, 0.2919999957084656, 0.296999990940094, 0.30300000309944153, 0.3089999854564667, 0.3149999976158142, 0.32100000977516174, 0.328000009059906, 0.33500000834465027, 0.3409999907016754, 0.44200000166893005, 0.44200000166893005, 0.4490000009536743, 0.4339999854564667, 0.4269999861717224, 0.421999990940094, 0.4169999957084656, 0.4320000112056732, 0.4399999976158142, 0.44999998807907104, 0.46000000834465027, 0.4699999988079071, 0.4790000021457672, 0.48899999260902405, 0.49900001287460327, 0.5170000195503235, 0.5289999842643738, 0.5479999780654907, 0.5590000152587891, 0.5799999833106995, 0.6039999723434448, 0.6299999952316284, 0.6430000066757202, 0.6740000247955322, 0.7080000042915344, 0.7429999709129333, 0.7879999876022339, 1.3849999904632568, 1.3329999446868896, 1.3009999990463257, 1.3079999685287476, 1.284000039100647, 1.309000015258789, 1.281000018119812, 1.2640000581741333, 1.2940000295639038, 1.2680000066757202, 1.2690000534057617, 1.2599999904632568, 1.2649999856948853, 1.2400000095367432, 1.2630000114440918, 2.431999921798706, 2.5320000648498535, 2.5450000762939453, 2.944000005722046, 0.0, 0.0, 0.0, 0.0, 0.0, 0.0, 0.0, 0.0, 0.0, 0.0, 0.0, 0.0, 0.0, 0.0, 0.0, 0.0, 0.0, 0.0, 0.0, 0.0, 0.0, 0.0, 3.5399999618530273, 3.428999900817871, 3.308000087738037, 3.1480000019073486, 3.117000102996826, 2.9690001010894775, 2.8910000324249268, 2.8489999771118164, 2.7190001010894775, 2.6559998989105225, 2.5769999027252197, 2.484999895095825, 2.438999891281128, 2.367000102996826, 2.3269999027252197, 2.259999990463257, 2.184000015258789, 2.1480000019073486, 2.0969998836517334, 2.068000078201294, 2.1029999256134033, 2.13700008392334, 2.190999984741211, 2.2019999027252197, 2.302999973297119, 3.3359999656677246, 3.4179999828338623, 3.428999900817871, 3.3359999656677246, 3.3289999961853027, 3.2929999828338623, 3.2230000495910645, 3.2230000495910645, 3.1559998989105225, 3.13700008392334, 0.0, 3.121000051498413, 0.0, 0.0, 3.007999897003174, 4.176000118255615, 0.0, 1.2790000438690186, 0.0, 0.0, 0.19200000166893005, 0.1589999943971634, 0.17900000512599945, 0.0, 3.2829999923706055, 3.2669999599456787, 4.10099983215332, 4.156000137329102, 1.3170000314712524, 1.312000036239624, 1.3170000314712524, 1.3250000476837158, 1.1710000038146973, 4.040999889373779, 0.20100000500679016, 0.22200000286102295, 0.2029999941587448, 0.20600000023841858, 0.22499999403953552, 0.15299999713897705, 0.22699999809265137, 0.20499999821186066, 0.2070000022649765, 0.20999999344348907, 0.21400000154972076, 0.2029999941587448, 0.22300000488758087, 0.0, 0.0, 1.2890000343322754, 0.8600000143051147, 0.8600000143051147, 0.8679999709129333, 0.8539999723434448, 0.843999981880188, 0.8510000109672546, 0.8450000286102295, 0.8339999914169312, 0.8429999947547913, 0.8479999899864197, 3.828000068664551, 2.0789999961853027, 1.6979999542236328, 1.6929999589920044, 1.6829999685287476, 1.6799999475479126, 1.444000005722046, 1.4279999732971191, 1.4359999895095825, 1.4539999961853027, 1.4579999446868896, 3.753000020980835, 0.8379999995231628, 0.0, 0.9440000057220459, 1.7649999856948853, 1.7630000114440918, 0.8550000190734863, 0.8550000190734863, 0.8410000205039978, 0.8309999704360962, 0.8289999961853027, 0.9229999780654907, 1.121000051498413, 2.7899999618530273, 1.0119999647140503, 2.6649999618530273, 2.624000072479248, 2.5409998893737793, 2.5429999828338623, 2.494999885559082, 2.446000099182129, 2.4049999713897705, 2.4210000038146973, 2.3399999141693115, 2.319999933242798, 2.2869999408721924, 2.259000062942505, 2.250999927520752, 2.236999988555908, 2.2049999237060547, 2.181999921798706, 2.1730000972747803, 2.1389999389648438, 2.134000062942505, 2.072000026702881, 2.0399999618530273, 2.072999954223633, 2.0450000762939453, 2.0250000953674316, 2.0179998874664307, 1.9819999933242798, 1.9830000400543213, 1.9910000562667847, 1.968999981880188, 1.9500000476837158, 1.940999984741211, 1.9479999542236328, 1.940999984741211, 1.9320000410079956, 1.9220000505447388, 1.9240000247955322, 1.934999942779541, 1.8869999647140503, 1.9119999408721924, 1.8880000114440918, 1.902999997138977, 1.8910000324249268, 1.8930000066757202, 1.8969999551773071, 1.8799999952316284, 1.8930000066757202, 1.8980000019073486, 1.9079999923706055, 1.9019999504089355, 1.8769999742507935, 1.8960000276565552, 1.878999948501587, 1.8860000371932983, 1.812000036239624, 0.0, 1.2130000591278076, 1.3580000400543213, 1.3489999771118164, 1.3289999961853027, 1.3830000162124634, 0.0, 0.8949999809265137, 0.9020000100135803, 0.9089999794960022, 0.9089999794960022, 0.9079999923706055, 0.9110000133514404, 0.4569999873638153, 0.44699999690055847, 0.37400001287460327, 0.375, 0.37599998712539673, 0.37700000405311584, 0.3779999911785126, 0.3790000081062317, 0.38100001215934753, 0.382999986410141, 0.38499999046325684, 0.3869999945163727, 0.3889999985694885, 0.39100000262260437, 0.3930000066757202, 0.39399999380111694, 0.39399999380111694, 0.3930000066757202, 0.39399999380111694, 0.39399999380111694, 0.3959999978542328, 0.3970000147819519, 0.3889999985694885, 0.35899999737739563, 0.3569999933242798, 0.35499998927116394, 0.3529999852180481, 0.35100001096725464, 0.26899999380111694, 0.26899999380111694, 0.2669999897480011, 0.2630000114440918, 0.25999999046325684, 0.25699999928474426, 0.2540000081062317, 0.25099998712539673, 0.24799999594688416, 0.24500000476837158, 0.24300000071525574, 0.23999999463558197, 0.23800000548362732, 0.23600000143051147, 0.23399999737739563, 0.23199999332427979, 0.23000000417232513, 0.2290000021457672, 0.22699999809265137, 0.22499999403953552, 0.2240000069141388, 0.22300000488758087, 0.22200000286102295, 0.22100000083446503, 0.2199999988079071, 0.21899999678134918, 0.21799999475479126, 0.21699999272823334, 0.21699999272823334, 0.2160000056028366, 0.2150000035762787, 0.2150000035762787, 0.21400000154972076, 0.21400000154972076, 0.21400000154972076, 0.22200000286102295, 0.22200000286102295, 0.22300000488758087, 0.0, 0.2150000035762787, 0.2150000035762787, 0.2150000035762787, 0.2150000035762787, 0.2160000056028366]
intensities: [5711.0, 5919.0, 6259.0, 6039.0, 5936.0, 6082.0, 5943.0, 5726.0, 5824.0, 5989.0, 5760.0, 5756.0, 5863.0, 6060.0, 5864.0, 5699.0, 5363.0, 5632.0, 5433.0, 5795.0, 5646.0, 5241.0, 5028.0, 5389.0, 5203.0, 4737.0, 5028.0, 5295.0, 5180.0, 4881.0, 5107.0, 4893.0, 5086.0, 4665.0, 4356.0, 4617.0, 4504.0, 4372.0, 4270.0, 4212.0, 4321.0, 4149.0, 1136.0, 3072.0, 3347.0, 3319.0, 3117.0, 2787.0, 3342.0, 3511.0, 3460.0, 3547.0, 3297.0, 2983.0, 3094.0, 2976.0, 3163.0, 2799.0, 2550.0, 2771.0, 2836.0, 2659.0, 2307.0, 2230.0, 2548.0, 1858.0, 2112.0, 2409.0, 1642.0, 107.0, 1540.0, 1212.0, 1539.0, 1443.0, 1604.0, 1098.0, 717.0, 1546.0, 1329.0, 1135.0, 1290.0, 1386.0, 1265.0, 1950.0, 1075.0, 654.0, 652.0, 341.0, 273.0, 385.0, 287.0, 0.0, 41.0, 118.0, 36.0, 0.0, 0.0, 0.0, 0.0, 0.0, 0.0, 0.0, 32.0, 70.0, 0.0, 0.0, 101.0, 82.0, 87.0, 79.0, 187.0, 245.0, 256.0, 244.0, 246.0, 226.0, 212.0, 280.0, 179.0, 175.0, 275.0, 296.0, 318.0, 347.0, 372.0, 316.0, 364.0, 443.0, 502.0, 548.0, 600.0, 530.0, 439.0, 368.0, 424.0, 341.0, 392.0, 457.0, 457.0, 464.0, 452.0, 411.0, 402.0, 401.0, 403.0, 90.0, 406.0, 0.0, 0.0, 379.0, 298.0, 427.0, 152.0, 141.0, 476.0, 6748.0, 3722.0, 3399.0, 0.0, 289.0, 394.0, 662.0, 596.0, 1233.0, 1517.0, 1366.0, 1617.0, 118.0, 887.0, 2944.0, 2240.0, 3594.0, 6144.0, 1883.0, 108.0, 120.0, 3083.0, 3140.0, 4358.0, 4307.0, 2840.0, 2279.0, 0.0, 63.0, 657.0, 2218.0, 2428.0, 2349.0, 2658.0, 2298.0, 2900.0, 2413.0, 2592.0, 2634.0, 1224.0, 251.0, 372.0, 1369.0, 1697.0, 1670.0, 1496.0, 886.0, 1955.0, 2030.0, 1834.0, 1608.0, 353.0, 493.0, 92.0, 181.0, 241.0, 161.0, 590.0, 698.0, 1406.0, 684.0, 397.0, 105.0, 110.0, 150.0, 95.0, 518.0, 547.0, 576.0, 646.0, 643.0, 678.0, 712.0, 792.0, 782.0, 847.0, 858.0, 953.0, 1009.0, 1089.0, 1135.0, 1228.0, 1162.0, 1284.0, 1418.0, 1210.0, 1137.0, 1236.0, 1469.0, 1436.0, 1167.0, 1091.0, 1290.0, 1767.0, 1254.0, 1376.0, 1191.0, 1457.0, 1427.0, 1424.0, 1134.0, 1295.0, 1723.0, 1413.0, 1279.0, 1299.0, 1460.0, 1360.0, 1330.0, 1334.0, 1072.0, 1348.0, 1315.0, 1618.0, 1312.0, 1545.0, 1587.0, 1435.0, 1215.0, 1039.0, 2713.0, 512.0, 1617.0, 1351.0, 1728.0, 1613.0, 2533.0, 1785.0, 1977.0, 1946.0, 1887.0, 1729.0, 787.0, 3044.0, 2695.0, 3988.0, 3709.0, 3862.0, 3864.0, 3620.0, 3567.0, 3672.0, 3729.0, 3786.0, 3619.0, 3775.0, 3878.0, 4879.0, 3659.0, 3764.0, 3727.0, 3764.0, 3806.0, 4045.0, 3426.0, 3977.0, 4088.0, 4025.0, 3866.0, 4040.0, 3942.0, 4318.0, 5336.0, 5387.0, 5269.0, 5341.0, 5494.0, 5602.0, 5749.0, 5794.0, 5535.0, 5941.0, 5785.0, 6089.0, 5477.0, 6016.0, 6283.0, 6179.0, 5953.0, 6463.0, 6212.0, 6275.0, 6496.0, 6247.0, 6216.0, 6392.0, 6262.0, 6156.0, 6477.0, 6633.0, 6122.0, 6295.0, 6201.0, 6182.0, 6258.0, 6710.0, 8818.0, 16184.0, 8766.0, 9237.0, 7110.0, 6350.0, 6486.0, 6209.0, 5993.0]



#far
header: 
  seq: 813
  stamp: 
    secs: 1639038919
    nsecs: 568904811
  frame_id: "base_scan"
angle_min: 0.0
angle_max: 6.26573181152
angle_increment: 0.0174532923847
time_increment: 2.98899994959e-05
scan_time: 0.0
range_min: 0.119999997318
range_max: 3.5
ranges: [0.6539999842643738, 0.6539999842643738, 0.652999997138977, 0.6549999713897705, 0.6610000133514404, 0.6620000004768372, 0.6669999957084656, 0.6690000295639038, 0.671999990940094, 0.6740000247955322, 0.6800000071525574, 0.6840000152587891, 0.6869999766349792, 0.6940000057220459, 0.7009999752044678, 0.7070000171661377, 0.7149999737739563, 0.9120000004768372, 0.9120000004768372, 0.8299999833106995, 0.8159999847412109, 0.8029999732971191, 0.7730000019073486, 0.7590000033378601, 0.7919999957084656, 0.7889999747276306, 0.7870000004768372, 0.7860000133514404, 0.7929999828338623, 0.800000011920929, 0.7979999780654907, 0.8500000238418579, 0.8410000205039978, 0.8320000171661377, 0.8460000157356262, 0.8429999947547913, 0.8550000190734863, 0.8640000224113464, 0.8650000095367432, 0.9070000052452087, 0.9200000166893005, 0.9340000152587891, 0.9440000057220459, 0.9649999737739563, 0.9850000143051147, 0.9950000047683716, 1.0399999618530273, 1.1299999952316284, 1.1139999628067017, 1.593999981880188, 1.6009999513626099, 1.5390000343322754, 1.5260000228881836, 1.5140000581741333, 1.4980000257492065, 1.4800000190734863, 1.4479999542236328, 1.4429999589920044, 1.4509999752044678, 1.402999997138977, 1.378000020980835, 1.3839999437332153, 1.3769999742507935, 1.3380000591278076, 1.343999981880188, 1.3450000286102295, 1.3079999685287476, 2.5920000076293945, 2.5510001182556152, 2.568000078201294, 2.5320000648498535, 2.5280001163482666, 2.496000051498413, 2.5139999389648438, 2.4860000610351562, 2.4709999561309814, 2.4749999046325684, 2.5940001010894775, 2.559000015258789, 2.559000015258789, 0.0, 3.5380001068115234, 3.506999969482422, 0.0, 0.0, 0.0, 0.0, 0.0, 0.0, 0.0, 0.0, 0.0, 0.0, 0.0, 0.0, 0.0, 0.0, 0.0, 0.0, 0.0, 0.0, 0.0, 0.0, 0.0, 0.0, 0.0, 3.2899999618530273, 3.117000102996826, 2.944999933242798, 2.8519999980926514, 2.796999931335449, 2.684999942779541, 2.4070000648498535, 2.3440001010894775, 2.242000102996826, 2.1579999923706055, 2.125, 2.0490000247955322, 1.9830000400543213, 1.9509999752044678, 1.8880000114440918, 1.8630000352859497, 1.8240000009536743, 1.8489999771118164, 1.8539999723434448, 1.8910000324249268, 1.8890000581741333, 1.9170000553131104, 1.930999994277954, 1.9570000171661377, 2.9260001182556152, 2.943000078201294, 2.99399995803833, 3.0260000228881836, 3.0420000553131104, 2.996000051498413, 2.944000005722046, 2.8889999389648438, 2.8929998874664307, 2.8440001010894775, 2.803999900817871, 2.809000015258789, 2.0309998989105225, 2.739000082015991, 0.8130000233650208, 0.7599999904632568, 0.0, 0.0, 2.6670000553131104, 3.2829999923706055, 3.933000087738037, 4.03000020980835, 0.9739999771118164, 0.9739999771118164, 0.8640000224113464, 0.1860000044107437, 0.1589999943971634, 0.17900000512599945, 3.757999897003174, 3.736999988555908, 2.816999912261963, 1.1699999570846558, 1.0290000438690186, 0.9589999914169312, 0.9589999914169312, 0.9710000157356262, 0.9860000014305115, 3.63700008392334, 3.5829999446868896, 3.6059999465942383, 0.2160000056028366, 3.5269999504089355, 0.21400000154972076, 0.21400000154972076, 0.14900000393390656, 0.20600000023841858, 0.20499999821186066, 0.20499999821186066, 0.20900000631809235, 0.210999995470047, 0.19699999690055847, 0.2160000056028366, 0.0, 2.440000057220459, 1.149999976158142, 1.3660000562667847, 1.3229999542236328, 1.4579999446868896, 0.0, 0.0, 0.9390000104904175, 0.9369999766349792, 0.9350000023841858, 0.9350000023841858, 0.925000011920929, 0.9129999876022339, 0.9169999957084656, 0.9139999747276306, 0.9240000247955322, 0.9290000200271606, 0.9959999918937683, 0.0, 3.430999994277954, 3.5339999198913574, 3.559000015258789, 3.552000045776367, 1.3079999685287476, 1.309999942779541, 1.2879999876022339, 1.3040000200271606, 1.3009999990463257, 1.3009999990463257, 1.2890000343322754, 0.578000009059906, 0.578000009059906, 0.5770000219345093, 0.5669999718666077, 0.5590000152587891, 0.5550000071525574, 0.5540000200271606, 0.5529999732971191, 0.5509999990463257, 0.550000011920929, 0.5529999732971191, 0.5590000152587891, 0.5680000185966492, 0.5789999961853027, 0.0, 0.0, 2.4579999446868896, 2.424999952316284, 2.4030001163482666, 2.3440001010894775, 2.3269999027252197, 0.0, 0.0, 2.247999906539917, 2.2290000915527344, 2.2139999866485596, 2.197000026702881, 2.181999921798706, 2.1540000438690186, 2.132999897003174, 2.125999927520752, 2.0799999237060547, 2.063999891281128, 1.9930000305175781, 0.6309999823570251, 0.0, 0.5849999785423279, 0.0, 0.656000018119812, 0.3880000114440918, 0.32600000500679016, 0.3199999928474426, 0.3140000104904175, 0.31200000643730164, 0.3109999895095825, 0.31200000643730164, 0.3140000104904175, 0.3160000145435333, 0.3190000057220459, 0.3230000138282776, 0.328000009059906, 0.33399999141693115, 0.3409999907016754, 0.3490000069141388, 0.3569999933242798, 0.3659999966621399, 0.0, 2.0280001163482666, 1.9249999523162842, 1.9140000343322754, 1.9210000038146973, 1.9359999895095825, 1.909000039100647, 1.944000005722046, 1.940999984741211, 1.944000005722046, 1.930999994277954, 1.9589999914169312, 1.9589999914169312, 1.965999960899353, 1.9630000591278076, 1.975000023841858, 1.9819999933242798, 1.9889999628067017, 1.99399995803833, 2.0160000324249268, 2.0329999923706055, 2.0309998989105225, 2.0450000762939453, 2.072000026702881, 2.0850000381469727, 1.4859999418258667, 1.4670000076293945, 1.5140000581741333, 1.5240000486373901, 1.5540000200271606, 1.559000015258789, 1.5859999656677246, 1.6169999837875366, 1.6440000534057617, 1.61899995803833, 1.5709999799728394, 1.5609999895095825, 1.1390000581741333, 1.0410000085830688, 1.2029999494552612, 1.2059999704360962, 1.218000054359436, 1.2300000190734863, 1.2719999551773071, 1.2999999523162842, 1.2910000085830688, 1.3329999446868896, 1.347000002861023, 1.305999994277954, 1.2450000047683716, 1.2740000486373901, 1.2569999694824219, 1.1799999475479126, 0.746999979019165, 0.746999979019165, 0.75, 0.7400000095367432, 0.7250000238418579, 0.7239999771118164, 0.7099999785423279, 0.7210000157356262, 0.7749999761581421, 0.7599999904632568, 0.7279999852180481, 0.7480000257492065, 0.7979999780654907, 0.8019999861717224, 0.7570000290870667, 0.7570000290870667, 0.753000020980835, 0.7379999756813049, 0.7400000095367432, 0.7149999737739563, 0.7080000042915344, 0.6740000247955322, 0.6710000038146973, 0.6679999828338623, 0.6639999747276306, 0.6610000133514404, 0.6579999923706055, 0.6539999842643738, 0.6539999842643738, 0.6520000100135803, 0.6489999890327454, 0.6470000147819519, 0.6460000276565552, 0.6439999938011169, 0.6589999794960022, 0.6589999794960022, 0.6589999794960022, 0.6549999713897705]
intensities: [2319.0, 2582.0, 2476.0, 2355.0, 2500.0, 2514.0, 2702.0, 2592.0, 2662.0, 2651.0, 2766.0, 2873.0, 2876.0, 2612.0, 2762.0, 2673.0, 2736.0, 1508.0, 1728.0, 2638.0, 857.0, 1937.0, 1464.0, 2123.0, 2205.0, 2349.0, 2100.0, 1993.0, 2097.0, 2205.0, 2286.0, 2304.0, 2352.0, 2560.0, 2839.0, 2315.0, 2205.0, 2111.0, 2097.0, 1808.0, 2026.0, 1694.0, 1839.0, 1869.0, 1811.0, 1817.0, 1995.0, 3296.0, 2918.0, 913.0, 1147.0, 1059.0, 1178.0, 1296.0, 1325.0, 1419.0, 1501.0, 1565.0, 1610.0, 1325.0, 1702.0, 1741.0, 1511.0, 1355.0, 1241.0, 1661.0, 815.0, 337.0, 352.0, 340.0, 366.0, 376.0, 377.0, 391.0, 387.0, 421.0, 388.0, 534.0, 527.0, 513.0, 0.0, 781.0, 767.0, 440.0, 318.0, 320.0, 269.0, 338.0, 42.0, 51.0, 0.0, 39.0, 40.0, 33.0, 34.0, 42.0, 34.0, 34.0, 0.0, 37.0, 0.0, 138.0, 0.0, 104.0, 132.0, 112.0, 165.0, 163.0, 153.0, 134.0, 131.0, 227.0, 116.0, 164.0, 214.0, 289.0, 372.0, 451.0, 541.0, 612.0, 702.0, 733.0, 716.0, 1103.0, 1086.0, 1083.0, 1024.0, 963.0, 919.0, 360.0, 283.0, 291.0, 294.0, 306.0, 356.0, 334.0, 339.0, 313.0, 266.0, 289.0, 278.0, 276.0, 138.0, 202.0, 187.0, 128.0, 0.0, 132.0, 236.0, 456.0, 468.0, 223.0, 284.0, 545.0, 75.0, 4241.0, 3697.0, 3227.0, 889.0, 687.0, 295.0, 718.0, 1430.0, 2016.0, 1606.0, 2052.0, 2145.0, 478.0, 920.0, 729.0, 4978.0, 579.0, 6501.0, 4284.0, 367.0, 617.0, 1196.0, 4134.0, 3526.0, 7715.0, 1126.0, 5283.0, 0.0, 119.0, 175.0, 233.0, 364.0, 348.0, 60.0, 121.0, 264.0, 1703.0, 1664.0, 1699.0, 1809.0, 2364.0, 1841.0, 1595.0, 2038.0, 1978.0, 2775.0, 0.0, 174.0, 177.0, 182.0, 174.0, 457.0, 1372.0, 1423.0, 1562.0, 1465.0, 1432.0, 1281.0, 1597.0, 3436.0, 2771.0, 2589.0, 3154.0, 2631.0, 2450.0, 2867.0, 2996.0, 2553.0, 2420.0, 2581.0, 3185.0, 3863.0, 0.0, 161.0, 676.0, 722.0, 751.0, 782.0, 815.0, 0.0, 0.0, 976.0, 1013.0, 1103.0, 1158.0, 1247.0, 1293.0, 1236.0, 1220.0, 1309.0, 1519.0, 196.0, 766.0, 94.0, 247.0, 0.0, 1031.0, 3142.0, 3979.0, 4532.0, 4381.0, 4370.0, 4638.0, 4689.0, 4347.0, 4296.0, 4689.0, 4059.0, 4779.0, 4389.0, 4512.0, 3274.0, 4341.0, 8458.0, 0.0, 280.0, 1602.0, 1474.0, 1508.0, 1626.0, 1440.0, 1772.0, 1407.0, 1213.0, 1316.0, 1202.0, 1724.0, 1284.0, 1184.0, 1254.0, 1616.0, 1412.0, 1127.0, 1286.0, 1443.0, 1542.0, 1166.0, 1542.0, 1478.0, 1173.0, 751.0, 1626.0, 1552.0, 1450.0, 1374.0, 1357.0, 1306.0, 1268.0, 1072.0, 1155.0, 1232.0, 1713.0, 2552.0, 1406.0, 1713.0, 1571.0, 1454.0, 1923.0, 1477.0, 855.0, 1389.0, 612.0, 1613.0, 1373.0, 2704.0, 628.0, 1761.0, 2056.0, 2154.0, 2216.0, 3508.0, 2393.0, 2688.0, 2440.0, 2304.0, 2165.0, 2112.0, 2374.0, 2170.0, 2122.0, 2440.0, 1010.0, 3852.0, 2030.0, 2273.0, 2464.0, 2109.0, 2559.0, 2641.0, 2721.0, 2458.0, 2576.0, 2307.0, 2733.0, 2439.0, 2195.0, 2342.0, 2264.0, 2432.0, 2234.0, 2285.0, 5171.0, 3166.0, 2726.0, 2365.0]
